alsa_card.pci-0000:00:1b.0:input:analog-input-mic mute:0 volumes:2,0.003981,0.003981
alsa_card.pci-0000:00:1b.0:output:analog-output-headphones mute:0 volumes:2,0.001540,0.001540
